FINAL_BRL: 3190.5385156751
PNL_BRL: -1809.4614843249003
TRADE_COUNT: 989
WIN_RATE: 20.833333333333336
PROFIT_FACTOR: 0.2835348414119019
