INITIAL_BRL: 5000.0
FINAL_BRL: 5000.0
PNL_BRL: 0.0
INITIAL_USD: 906.289650172195
FINAL_USD: 906.289650172195
PNL_USD: 0.0
TRADE_COUNT: 0
WIN_RATE: 0
PROFIT_FACTOR: 0
